       1    827412.0   2068464.0     1721.92      810.00
     143    828832.0   2068464.0     1625.50      810.00
     285    830252.0   2068464.0     1823.72      810.00
    7564    831042.0   2068644.0     2423.66      810.00
   15672    828122.0   2068854.0     2015.70      810.00
   15814    829542.0   2068854.0     2018.89      810.00
   31906    830462.0   2069254.0     2628.64      810.00
   32401    827412.0   2069274.0     2426.74      810.00
   32543    828832.0   2069274.0     2427.23      810.00
   43582    831222.0   2069544.0     3247.84      810.00
   47435    829752.0   2069644.0     2275.77      810.00
   48072    828122.0   2069664.0     2037.00      810.00
   63765    829052.0   2070054.0     1669.33      810.00
   63919    830592.0   2070054.0     2450.17      810.00
   64801    827412.0   2070084.0     1616.79      810.00
   79448    829882.0   2070444.0     1672.95      810.00
   80085    828252.0   2070464.0     1237.77      270.00
   86462    828022.0   2070624.0     1078.01      270.00
   89569    831092.0   2070694.0     2523.81      810.00
   91686    828262.0   2070754.0      948.09      270.00
   93240    827802.0   2070794.0      907.98      270.00
   94125    828652.0   2070814.0      886.68      270.00
   96577    829172.0   2070874.0      915.88      270.00
   97201    827412.0   2070894.0      806.96      270.00
   98464    828042.0   2070924.0      777.71      270.00
   98550    828902.0   2070924.0      786.52      270.00
  100502    828422.0   2070974.0      726.67      270.00
  102425    827652.0   2071024.0      677.38      270.00
  104927    828672.0   2071084.0      616.71      270.00
  104994    829342.0   2071084.0      835.91      270.00
  105098    830382.0   2071084.0     1718.79      810.00
  107280    828202.0   2071144.0      556.63      270.00
  107649    827892.0   2071154.0      548.11      270.00
  108001    827412.0   2071164.0      537.13      270.00
  108561    829012.0   2071174.0      576.42      270.00
  112504    828442.0   2071274.0      426.78       90.00
  113225    827652.0   2071294.0      407.87       90.00
  113810    829502.0   2071304.0      825.85      270.00
  114938    828782.0   2071334.0      366.65       90.00
  114983    829232.0   2071334.0      583.84      270.00
  115698    828382.0   2071354.0      349.98       90.00
  115729    828692.0   2071354.0      347.93       90.00
  116107    828472.0   2071364.0      339.19       90.00
  116418    827582.0   2071374.0      328.84       90.00
  116827    827672.0   2071384.0      320.85       90.00
  117263    828032.0   2071394.0      310.86       90.00
  117320    828602.0   2071394.0      311.67       90.00
  117690    828302.0   2071404.0      296.89       90.00
  117744    828842.0   2071404.0      303.53       90.00
  118072    828122.0   2071414.0      289.25       90.00
  118081    828212.0   2071414.0      286.93       90.00
  118410    827502.0   2071424.0      276.64       90.00
  118454    827942.0   2071424.0      277.79       90.00
  118801    827412.0   2071434.0      267.65       90.00
  118934    828742.0   2071434.0      268.99       90.00
  119299    828392.0   2071444.0      259.48       90.00
  119312    828522.0   2071444.0      257.76       90.00
  120019    827592.0   2071464.0      238.29       90.00
  120037    827772.0   2071464.0      239.37       90.00
  120428    827682.0   2071474.0      232.94       90.00
  120525    828652.0   2071474.0      226.84       90.00
  120550    828902.0   2071474.0      258.51       90.00
  120864    828042.0   2071484.0      220.49       90.00
  121291    828312.0   2071494.0      206.64       90.00
  121341    828812.0   2071494.0      209.46       90.00
  121646    827862.0   2071504.0      196.90       90.00
  121673    828132.0   2071504.0      202.61       90.00
  121682    828222.0   2071504.0      197.98       90.00
  122010    827502.0   2071514.0      186.64       90.00
  122055    827952.0   2071514.0      187.26       90.00
  122105    828452.0   2071514.0      187.87       90.00
  122159    828992.0   2071514.0      284.23       90.00
  122228    829682.0   2071514.0      923.43      270.00
  122401    827412.0   2071524.0      178.17       90.00
  122517    828572.0   2071524.0      178.51       90.00
  122932    828722.0   2071534.0      175.66       90.00
  123619    827592.0   2071554.0      149.30       30.00
  123622    827622.0   2071554.0      146.64       30.00
  123637    827772.0   2071554.0      151.01       30.00
  124025    827652.0   2071564.0      140.29       30.00
  124028    827682.0   2071564.0      146.86       30.00
  124031    827712.0   2071564.0      138.70       30.00
  124150    828902.0   2071564.0      184.76       90.00
  124434    827742.0   2071574.0      126.77       30.00
  124464    828042.0   2071574.0      133.14       30.00
  124467    828072.0   2071574.0      127.11       30.00
  124496    828362.0   2071574.0      135.20       30.00
  124816    827562.0   2071584.0      130.08       30.00
  124819    827592.0   2071584.0      119.97       30.00
  124822    827622.0   2071584.0      116.64       30.00
  124838    827782.0   2071584.0      125.41       30.00
  124841    827812.0   2071584.0      123.17       30.00
  124861    828012.0   2071584.0      124.87       30.00
  124887    828272.0   2071584.0      124.17       30.00
  124890    828302.0   2071584.0      117.31       30.00
  124893    828332.0   2071584.0      117.91       30.00
  124941    828812.0   2071584.0      121.59       30.00
  125225    827652.0   2071594.0      111.29       30.00
  125228    827682.0   2071594.0      119.46       30.00
  125231    827712.0   2071594.0      109.27       30.00
  125244    827842.0   2071594.0      107.06       30.00
  125247    827872.0   2071594.0      108.55       30.00
  125250    827902.0   2071594.0      117.93       30.00
  125275    828152.0   2071594.0      116.47       30.00
  125284    828242.0   2071594.0      115.02       30.00
  125323    828632.0   2071594.0      110.73       30.00
  125393    829332.0   2071594.0      564.54      270.00
  125610    827502.0   2071604.0       96.65       30.00
  125613    827532.0   2071604.0      100.50       30.00
  125635    827752.0   2071604.0       97.96       30.00
  125658    827982.0   2071604.0       97.73       30.00
  125664    828042.0   2071604.0      105.01       30.00
  125667    828072.0   2071604.0       97.26       30.00
  125697    828372.0   2071604.0      112.38       30.00
  125700    828402.0   2071604.0      100.71       30.00
  125708    828482.0   2071604.0      109.55       30.00
  125738    828782.0   2071604.0       96.72       30.00
  125762    829022.0   2071604.0      262.78       90.00
  126001    827412.0   2071614.0       89.72       30.00
  126004    827442.0   2071614.0      101.75       30.00
  126016    827562.0   2071614.0      104.04       30.00
  126019    827592.0   2071614.0       91.08       30.00
  126022    827622.0   2071614.0       86.65       30.00
  126038    827782.0   2071614.0       98.14       30.00
  126041    827812.0   2071614.0       95.26       30.00
  126061    828012.0   2071614.0       97.44       30.00
  126072    828122.0   2071614.0       94.95       30.00
  126078    828182.0   2071614.0       88.25       30.00
  126081    828212.0   2071614.0       87.61       30.00
  126088    828282.0   2071614.0       92.57       30.00
  126091    828312.0   2071614.0       86.66       30.00
  126094    828342.0   2071614.0       90.85       30.00
  126111    828512.0   2071614.0       93.10       30.00
  126117    828572.0   2071614.0       90.41       30.00
  126120    828602.0   2071614.0      103.08       30.00
  126141    828812.0   2071614.0       93.20       30.00
  126407    827472.0   2071624.0       83.18       30.00
  126426    827662.0   2071624.0       87.32       30.00
  126429    827692.0   2071624.0       88.30       30.00
  126432    827722.0   2071624.0       77.87       30.00
  126446    827862.0   2071624.0       77.32       30.00
  126449    827892.0   2071624.0       86.61       30.00
  126452    827922.0   2071624.0       89.05       30.00
  126455    827952.0   2071624.0       78.15       30.00
  126475    828152.0   2071624.0       89.83       30.00
  126485    828252.0   2071624.0       93.24       30.00
  126505    828452.0   2071624.0       79.62       30.00
  126514    828542.0   2071624.0       76.74       30.00
  126523    828632.0   2071624.0       82.24       30.00
  126526    828662.0   2071624.0       76.63       30.00
  126529    828692.0   2071624.0       82.33       30.00
  126532    828722.0   2071624.0       94.69       30.00
  126535    828752.0   2071624.0       80.80       30.00
  126810    827502.0   2071634.0       66.67       30.00
  126813    827532.0   2071634.0       72.13       30.00
  126835    827752.0   2071634.0       68.55       30.00
  126858    827982.0   2071634.0       68.21       30.00
  126866    828062.0   2071634.0       69.89       30.00
  126869    828092.0   2071634.0       67.21       30.00
  126899    828392.0   2071634.0       76.89       30.00
  126902    828422.0   2071634.0       67.15       30.00
  126908    828482.0   2071634.0       84.29       30.00
  126938    828782.0   2071634.0       66.77       30.00
  127201    827412.0   2071644.0       61.26       30.00
  127204    827442.0   2071644.0       77.82       30.00
  127217    827572.0   2071644.0       74.31       30.00
  127220    827602.0   2071644.0       59.46       30.00
  127223    827632.0   2071644.0       57.86       30.00
  127240    827802.0   2071644.0       75.29       30.00
  127243    827832.0   2071644.0       59.93       30.00
  127263    828032.0   2071644.0       76.29       30.00
  127272    828122.0   2071644.0       68.69       30.00
  127279    828192.0   2071644.0       57.04       30.00
  127282    828222.0   2071644.0       61.16       30.00
  127290    828302.0   2071644.0       58.02       30.00
  127293    828332.0   2071644.0       59.23       30.00
  127296    828362.0   2071644.0       73.83       30.00
  127311    828512.0   2071644.0       66.11       30.00
  127317    828572.0   2071644.0       62.26       30.00
  127320    828602.0   2071644.0       79.55       30.00
  127341    828812.0   2071644.0       66.24       30.00
  127344    828842.0   2071644.0       85.74       30.00
  127626    827662.0   2071654.0       62.67       30.00
  127629    827692.0   2071654.0       64.02       30.00
  127632    827722.0   2071654.0       48.65       10.00
  127647    827872.0   2071654.0       50.88       30.00
  127650    827902.0   2071654.0       68.64       30.00
  127653    827932.0   2071654.0       58.53       30.00
  127676    828162.0   2071654.0       59.44       30.00
  127687    828272.0   2071654.0       63.17       30.00
  127705    828452.0   2071654.0       51.40       30.00
  127714    828542.0   2071654.0       46.81       10.00
  127723    828632.0   2071654.0       55.38       30.00
  127728    828682.0   2071654.0       50.78       30.00
  127731    828712.0   2071654.0       68.46       30.00
  127734    828742.0   2071654.0       58.68       30.00
  127754    828942.0   2071654.0      170.86       90.00
  128009    827492.0   2071664.0       38.66       10.00
  128010    827502.0   2071664.0       36.70       10.00
  128011    827512.0   2071664.0       37.41       10.00
  128014    827542.0   2071664.0       52.51       30.00
  128032    827722.0   2071664.0       39.17       10.00
  128033    827732.0   2071664.0       36.83       10.00
  128034    827742.0   2071664.0       37.13       10.00
  128037    827772.0   2071664.0       51.44       30.00
  128056    827962.0   2071664.0       37.02       10.00
  128057    827972.0   2071664.0       36.92       10.00
  128060    828002.0   2071664.0       50.40       30.00
  128066    828062.0   2071664.0       42.28       10.00
  128067    828072.0   2071664.0       38.28       10.00
  128068    828082.0   2071664.0       36.64       10.00
  128069    828092.0   2071664.0       37.68       10.00
  128099    828392.0   2071664.0       53.05       30.00
  128102    828422.0   2071664.0       37.57       10.00
  128108    828482.0   2071664.0       63.30       30.00
  128114    828542.0   2071664.0       36.86       10.00
  128137    828772.0   2071664.0       37.05       10.00
  128138    828782.0   2071664.0       36.89       10.00
  128403    827432.0   2071674.0       50.89       30.00
  128406    827462.0   2071674.0       50.05       30.00
  128409    827492.0   2071674.0       29.36       10.00
  128410    827502.0   2071674.0       26.73       10.00
  128411    827512.0   2071674.0       27.70       10.00
  128419    827592.0   2071674.0       38.73       10.00
  128420    827602.0   2071674.0       32.21       10.00
  128421    827612.0   2071674.0       27.84       10.00
  128422    827622.0   2071674.0       26.69       10.00
  128423    827632.0   2071674.0       29.15       10.00
  128432    827722.0   2071674.0       30.02       10.00
  128433    827732.0   2071674.0       26.91       10.00
  128434    827742.0   2071674.0       27.32       10.00
  128442    827822.0   2071674.0       39.83       10.00
  128443    827832.0   2071674.0       33.08       10.00
  128444    827842.0   2071674.0       28.31       10.00
  128456    827962.0   2071674.0       27.16       10.00
  128457    827972.0   2071674.0       27.02       10.00
  128465    828052.0   2071674.0       40.96       10.00
  128466    828062.0   2071674.0       33.99       10.00
  128467    828072.0   2071674.0       28.86       10.00
  128468    828082.0   2071674.0       26.65       10.00
  128469    828092.0   2071674.0       28.07       10.00
  128470    828102.0   2071674.0       32.64       10.00
  128473    828132.0   2071674.0       55.66       30.00
  128479    828192.0   2071674.0       27.50       10.00
  128480    828202.0   2071674.0       26.81       10.00
  128481    828212.0   2071674.0       29.68       10.00
  128484    828242.0   2071674.0       50.68       30.00
  128490    828302.0   2071674.0       29.47       10.00
  128491    828312.0   2071674.0       26.75       10.00
  128492    828322.0   2071674.0       27.63       10.00
  128493    828332.0   2071674.0       31.79       10.00
  128496    828362.0   2071674.0       54.34       30.00
  128502    828422.0   2071674.0       27.91       10.00
  128511    828512.0   2071674.0       43.28       10.00
  128512    828522.0   2071674.0       35.93       10.00
  128513    828532.0   2071674.0       30.14       10.00
  128514    828542.0   2071674.0       26.94       10.00
  128515    828552.0   2071674.0       27.27       10.00
  128516    828562.0   2071674.0       31.00       10.00
  128519    828592.0   2071674.0       53.04       30.00
  128537    828772.0   2071674.0       27.21       10.00
  128538    828782.0   2071674.0       26.98       10.00
  128539    828792.0   2071674.0       30.26       10.00
  128542    828822.0   2071674.0       51.75       30.00
  128545    828852.0   2071674.0       79.00       30.00
  128809    827492.0   2071684.0       20.73       10.00
  128810    827502.0   2071684.0       16.79       10.00
  128811    827512.0   2071684.0       18.29       10.00
  128819    827592.0   2071684.0       32.67       10.00
  128820    827602.0   2071684.0       24.59       10.00
  128821    827612.0   2071684.0       18.50       10.00
  128822    827622.0   2071684.0       16.73       10.00
  128823    827632.0   2071684.0       20.43       10.00
  128824    827642.0   2071684.0       27.48       10.00
  128827    827672.0   2071684.0       54.47       30.00
  128830    827702.0   2071684.0       37.73       10.00
  128831    827712.0   2071684.0       29.09       10.00
  128832    827722.0   2071684.0       21.65       10.00
  128833    827732.0   2071684.0       17.07       10.00
  128834    827742.0   2071684.0       17.72       10.00
  128842    827822.0   2071684.0       33.97       10.00
  128843    827832.0   2071684.0       25.72       10.00
  128844    827842.0   2071684.0       19.21       10.00
  128845    827852.0   2071684.0       16.63       10.00
  128846    827862.0   2071684.0       19.60       10.00
  128847    827872.0   2071684.0       26.30       10.00
  128850    827902.0   2071684.0       53.05       30.00
  128853    827932.0   2071684.0       39.09       10.00
  128854    827942.0   2071684.0       30.34       10.00
  128855    827952.0   2071684.0       22.64       10.00
  128856    827962.0   2071684.0       17.47       10.00
  128857    827972.0   2071684.0       17.26       10.00
  128865    828052.0   2071684.0       35.29       10.00
  128866    828062.0   2071684.0       26.88       10.00
  128867    828072.0   2071684.0       20.00       10.00
  128868    828082.0   2071684.0       16.66       10.00
  128869    828092.0   2071684.0       18.85       10.00
  128870    828102.0   2071684.0       25.15       10.00
  128877    828172.0   2071684.0       31.60       10.00
  128878    828182.0   2071684.0       23.69       10.00
  128879    828192.0   2071684.0       17.99       10.00
  128880    828202.0   2071684.0       16.92       10.00
  128881    828212.0   2071684.0       21.18       10.00
  128888    828282.0   2071684.0       36.62       10.00
  128889    828292.0   2071684.0       28.08       10.00
  128890    828302.0   2071684.0       20.88       10.00
  128891    828312.0   2071684.0       16.83       10.00
  128892    828322.0   2071684.0       18.19       10.00
  128893    828332.0   2071684.0       24.05       10.00
  128902    828422.0   2071684.0       18.62       10.00
  128903    828432.0   2071684.0       16.70       10.00
  128904    828442.0   2071684.0       20.29       10.00
  128905    828452.0   2071684.0       27.28       10.00
  128911    828512.0   2071684.0       37.96       10.00
  128912    828522.0   2071684.0       29.30       10.00
  128913    828532.0   2071684.0       21.82       10.00
  128914    828542.0   2071684.0       17.13       10.00
  128915    828552.0   2071684.0       17.63       10.00
  128916    828562.0   2071684.0       22.99       10.00
  128923    828632.0   2071684.0       34.19       10.00
  128924    828642.0   2071684.0       25.91       10.00
  128925    828652.0   2071684.0       19.34       10.00
  128926    828662.0   2071684.0       16.63       10.00
  128927    828672.0   2071684.0       19.47       10.00
  128928    828682.0   2071684.0       26.10       10.00
  128931    828712.0   2071684.0       52.81       30.00
  128934    828742.0   2071684.0       39.31       10.00
  128935    828752.0   2071684.0       30.55       10.00
  128936    828762.0   2071684.0       22.82       10.00
  128937    828772.0   2071684.0       17.55       10.00
  128938    828782.0   2071684.0       17.19       10.00
  128939    828792.0   2071684.0       21.98       10.00
  129209    827492.0   2071694.0       14.04       10.00
  129210    827502.0   2071694.0        7.04       10.00
  129211    827512.0   2071694.0       10.10       10.00
  129212    827522.0   2071694.0       18.83       10.00
  129213    827532.0   2071694.0       28.41       10.00
  129216    827562.0   2071694.0       58.00       30.00
  129219    827592.0   2071694.0       28.89       10.00
  129220    827602.0   2071694.0       19.30       10.00
  129221    827612.0   2071694.0       10.48       10.00
  129222    827622.0   2071694.0        6.89       10.00
  129223    827632.0   2071694.0       13.60       10.00
  129224    827642.0   2071694.0       22.86       10.00
  129230    827702.0   2071694.0       34.52       10.00
  129231    827712.0   2071694.0       24.78       10.00
  129232    827722.0   2071694.0       15.38       10.00
  129233    827732.0   2071694.0        7.68       10.00
  129234    827742.0   2071694.0        9.02       10.00
  129235    827752.0   2071694.0       17.43       10.00
  129236    827762.0   2071694.0       26.95       10.00
  129239    827792.0   2071694.0       56.51       30.00
  129242    827822.0   2071694.0       30.36       10.00
  129243    827832.0   2071694.0       20.71       10.00
  129244    827842.0   2071694.0       11.68       10.00
  129245    827852.0   2071694.0        6.64       10.00
  129246    827862.0   2071694.0       12.31       10.00
  129247    827872.0   2071694.0       21.43       10.00
  129253    827932.0   2071694.0       35.99       10.00
  129254    827942.0   2071694.0       26.23       10.00
  129255    827952.0   2071694.0       16.74       10.00
  129256    827962.0   2071694.0        8.53       10.00
  129257    827972.0   2071694.0        8.08       10.00
  129258    827982.0   2071694.0       16.06       10.00
  129259    827992.0   2071694.0       25.50       10.00
  129262    828022.0   2071694.0       55.03       30.00
  129265    828052.0   2071694.0       31.82       10.00
  129266    828062.0   2071694.0       22.14       10.00
  129267    828072.0   2071694.0       12.95       10.00
  129268    828082.0   2071694.0        6.72       10.00
  129269    828092.0   2071694.0       11.08       10.00
  129270    828102.0   2071694.0       20.00       10.00
  129277    828172.0   2071694.0       27.68       10.00
  129278    828182.0   2071694.0       18.13       10.00
  129279    828192.0   2071694.0        9.55       10.00
  129280    828202.0   2071694.0        7.33       10.00
  129281    828212.0   2071694.0       14.70       10.00
  129288    828282.0   2071694.0       33.29       10.00
  129289    828292.0   2071694.0       23.58       10.00
  129290    828302.0   2071694.0       14.26       10.00
  129291    828312.0   2071694.0        7.13       10.00
  129292    828322.0   2071694.0        9.91       10.00
  129293    828332.0   2071694.0       18.60       10.00
  129299    828392.0   2071694.0       38.94       10.00
  129300    828402.0   2071694.0       29.14       10.00
  129301    828412.0   2071694.0       19.53       10.00
  129302    828422.0   2071694.0       10.68       10.00
  129303    828432.0   2071694.0        6.82       10.00
  129304    828442.0   2071694.0       13.38       10.00
  129305    828452.0   2071694.0       22.62       10.00
  129308    828482.0   2071694.0       52.05       30.00
  129311    828512.0   2071694.0       34.76       10.00
  129312    828522.0   2071694.0       25.02       10.00
  129313    828532.0   2071694.0       15.60       10.00
  129314    828542.0   2071694.0        7.80       10.00
  129315    828552.0   2071694.0        8.85       10.00
  129316    828562.0   2071694.0       17.20       10.00
  129323    828632.0   2071694.0       30.60       10.00
  129324    828642.0   2071694.0       20.95       10.00
  129325    828652.0   2071694.0       11.89       10.00
  129326    828662.0   2071694.0        6.63       10.00
  129327    828672.0   2071694.0       12.10       10.00
  129328    828682.0   2071694.0       21.19       10.00
  129334    828742.0   2071694.0       36.24       10.00
  129335    828752.0   2071694.0       26.47       10.00
  129336    828762.0   2071694.0       16.97       10.00
  129337    828772.0   2071694.0        8.69       10.00
  129338    828782.0   2071694.0        7.94       10.00
  129339    828792.0   2071694.0       15.83       10.00
  129601    827412.0   2071704.0       23.62       10.00
  129604    827442.0   2071704.0       53.48       30.00
  129607    827472.0   2071704.0       32.55       10.00
  129608    827482.0   2071704.0       22.63       10.00
  129609    827492.0   2071704.0       12.83       10.00
  129610    827502.0   2071704.0        4.13       10.00
  129611    827512.0   2071704.0        8.34       10.00
  129612    827522.0   2071704.0       17.95       10.00
  129619    827592.0   2071704.0       28.33       10.00
  129620    827602.0   2071704.0       18.44       10.00
  129621    827612.0   2071704.0        8.80       10.00
  129622    827622.0   2071704.0        3.86       10.00
  129623    827632.0   2071704.0       12.35       10.00
  129624    827642.0   2071704.0       22.13       10.00
  129630    827702.0   2071704.0       34.04       10.00
  129631    827712.0   2071704.0       24.11       10.00
  129632    827722.0   2071704.0       14.28       10.00
  129633    827732.0   2071704.0        5.14       10.00
  129634    827742.0   2071704.0        6.99       10.00
  129635    827752.0   2071704.0       16.47       10.00
  129636    827762.0   2071704.0       26.34       10.00
  129642    827822.0   2071704.0       29.82       10.00
  129643    827832.0   2071704.0       19.91       10.00
  129644    827842.0   2071704.0       10.20       10.00
  129645    827852.0   2071704.0        3.40       10.00
  129646    827862.0   2071704.0       10.91       10.00
  129647    827872.0   2071704.0       20.65       10.00
  129653    827932.0   2071704.0       35.54       10.00
  129654    827942.0   2071704.0       25.60       10.00
  129655    827952.0   2071704.0       15.74       10.00
  129656    827962.0   2071704.0        6.35       10.00
  129657    827972.0   2071704.0        5.73       10.00
  129658    827982.0   2071704.0       15.01       10.00
  129659    827992.0   2071704.0       24.86       10.00
  129666    828062.0   2071704.0       21.39       10.00
  129667    828072.0   2071704.0       11.63       10.00
  129668    828082.0   2071704.0        3.56       10.00
  129669    828092.0   2071704.0        9.50       10.00
  129670    828102.0   2071704.0       19.17       10.00
  129671    828112.0   2071704.0       29.07       10.00
  129674    828142.0   2071704.0       56.98       30.00
  129677    828172.0   2071704.0       27.09       10.00
  129678    828182.0   2071704.0       17.21       10.00
  129679    828192.0   2071704.0        7.66       10.00
  129680    828202.0   2071704.0        4.60       10.00
  129681    828212.0   2071704.0       13.55       10.00
  129682    828222.0   2071704.0       23.37       10.00
  129685    828252.0   2071704.0       53.23       30.00
  129688    828282.0   2071704.0       32.80       10.00
  129689    828292.0   2071704.0       22.88       10.00
  129690    828302.0   2071704.0       13.07       10.00
  129691    828312.0   2071704.0        4.28       10.00
  129692    828322.0   2071704.0        8.11       10.00
  129693    828332.0   2071704.0       17.70       10.00
  129699    828392.0   2071704.0       38.52       10.00
  129700    828402.0   2071704.0       28.58       10.00
  129701    828412.0   2071704.0       18.68       10.00
  129702    828422.0   2071704.0        9.03       10.00
  129703    828432.0   2071704.0        3.75       10.00
  129704    828442.0   2071704.0       12.11       10.00
  129705    828452.0   2071704.0       21.89       10.00
  129711    828512.0   2071704.0       34.29       10.00
  129712    828522.0   2071704.0       24.36       10.00
  129713    828532.0   2071704.0       14.52       10.00
  129714    828542.0   2071704.0        5.33       10.00
  129715    828552.0   2071704.0        6.78       10.00
  129716    828562.0   2071704.0       16.23       10.00
  129717    828572.0   2071704.0       26.09       10.00
  129720    828602.0   2071704.0       55.98       30.00
  129723    828632.0   2071704.0       30.07       10.00
  129724    828642.0   2071704.0       20.16       10.00
  129725    828652.0   2071704.0       10.44       10.00
  129726    828662.0   2071704.0        3.38       10.00
  129727    828672.0   2071704.0       10.67       10.00
  129728    828682.0   2071704.0       20.41       10.00
  129736    828762.0   2071704.0       15.99       10.00
  129737    828772.0   2071704.0        6.56       10.00
  129738    828782.0   2071704.0        5.53       10.00
  129739    828792.0   2071704.0       14.77       10.00
  129745    828852.0   2071704.0       74.45       30.00
  130001    827412.0   2071714.0       26.93       10.00
  130007    827472.0   2071714.0       35.03       10.00
  130008    827482.0   2071714.0       26.07       10.00
  130009    827492.0   2071714.0       18.22       10.00
  130010    827502.0   2071714.0       13.58       10.00
  130011    827512.0   2071714.0       15.40       10.00
  130012    827522.0   2071714.0       22.13       10.00
  130021    827612.0   2071714.0       15.65       10.00
  130022    827622.0   2071714.0       13.51       10.00
  130023    827632.0   2071714.0       17.89       10.00
  130024    827642.0   2071714.0       25.64       10.00
  130027    827672.0   2071714.0       53.57       30.00
  130030    827702.0   2071714.0       36.42       10.00
  130031    827712.0   2071714.0       27.37       10.00
  130032    827722.0   2071714.0       19.27       10.00
  130033    827732.0   2071714.0       13.93       10.00
  130034    827742.0   2071714.0       14.71       10.00
  130035    827752.0   2071714.0       20.95       10.00
  130036    827762.0   2071714.0       29.35       10.00
  130042    827822.0   2071714.0       32.50       10.00
  130043    827832.0   2071714.0       23.75       10.00
  130044    827842.0   2071714.0       16.48       10.00
  130045    827852.0   2071714.0       13.38       10.00
  130046    827862.0   2071714.0       16.93       10.00
  130047    827872.0   2071714.0       24.37       10.00
  130050    827902.0   2071714.0       52.12       30.00
  130053    827932.0   2071714.0       37.82       10.00
  130054    827942.0   2071714.0       28.68       10.00
  130055    827952.0   2071714.0       20.38       10.00
  130056    827962.0   2071714.0       14.41       10.00
  130057    827972.0   2071714.0       14.15       10.00
  130058    827982.0   2071714.0       19.82       10.00
  130059    827992.0   2071714.0       28.02       10.00
  130066    828062.0   2071714.0       25.00       10.00
  130067    828072.0   2071714.0       17.40       10.00
  130068    828082.0   2071714.0       13.42       10.00
  130069    828092.0   2071714.0       16.05       10.00
  130078    828182.0   2071714.0       21.53       10.00
  130079    828192.0   2071714.0       15.04       10.00
  130080    828202.0   2071714.0       13.74       10.00
  130081    828212.0   2071714.0       18.74       10.00
  130082    828222.0   2071714.0       26.71       10.00
  130088    828282.0   2071714.0       35.26       10.00
  130089    828292.0   2071714.0       26.28       10.00
  130090    828302.0   2071714.0       18.39       10.00
  130091    828312.0   2071714.0       13.63       10.00
  130092    828322.0   2071714.0       15.27       10.00
  130093    828332.0   2071714.0       21.93       10.00
  130102    828422.0   2071714.0       15.78       10.00
  130103    828432.0   2071714.0       13.47       10.00
  130104    828442.0   2071714.0       17.72       10.00
  130113    828532.0   2071714.0       19.45       10.00
  130114    828542.0   2071714.0       14.00       10.00
  130115    828552.0   2071714.0       14.61       10.00
  130116    828562.0   2071714.0       20.76       10.00
  130117    828572.0   2071714.0       29.13       10.00
  130124    828642.0   2071714.0       23.96       10.00
  130125    828652.0   2071714.0       16.63       10.00
  130126    828662.0   2071714.0       13.38       10.00
  130127    828672.0   2071714.0       16.78       10.00
  130136    828762.0   2071714.0       20.57       10.00
  130137    828772.0   2071714.0       14.51       10.00
  130138    828782.0   2071714.0       14.07       10.00
  130139    828792.0   2071714.0       19.63       10.00
  130161    829012.0   2071714.0      234.76       90.00
  130401    827412.0   2071724.0       33.06       10.00
  130410    827502.0   2071724.0       23.50       10.00
  130411    827512.0   2071724.0       24.59       10.00
  130412    827522.0   2071724.0       29.28       10.00
  130415    827552.0   2071724.0       53.05       30.00
  130421    827612.0   2071724.0       24.75       10.00
  130422    827622.0   2071724.0       23.45       10.00
  130423    827632.0   2071724.0       26.22       10.00
  130424    827642.0   2071724.0       32.01       10.00
  130433    827732.0   2071724.0       23.69       10.00
  130439    827792.0   2071724.0       60.80       30.00
  130445    827852.0   2071724.0       23.38       10.00
  130457    827972.0   2071724.0       23.83       10.00
  130463    828032.0   2071724.0       56.22       30.00
  130466    828062.0   2071724.0       31.51       10.00
  130467    828072.0   2071724.0       25.89       10.00
  130468    828082.0   2071724.0       23.40       10.00
  130469    828092.0   2071724.0       25.00       10.00
  130478    828182.0   2071724.0       28.83       10.00
  130479    828192.0   2071724.0       24.37       10.00
  130480    828202.0   2071724.0       23.58       10.00
  130481    828212.0   2071724.0       26.81       10.00
  130482    828222.0   2071724.0       32.88       10.00
  130491    828312.0   2071724.0       23.52       10.00
  130492    828322.0   2071724.0       24.51       10.00
  130493    828332.0   2071724.0       29.13       10.00
  130496    828362.0   2071724.0       52.83       30.00
  130502    828422.0   2071724.0       24.83       10.00
  130503    828432.0   2071724.0       23.43       10.00
  130504    828442.0   2071724.0       26.11       10.00
  130513    828532.0   2071724.0       27.31       10.00
  130514    828542.0   2071724.0       23.74       10.00
  130515    828552.0   2071724.0       24.10       10.00
  130524    828642.0   2071724.0       30.68       10.00
  130525    828652.0   2071724.0       25.38       10.00
  130526    828662.0   2071724.0       23.38       10.00
  130527    828672.0   2071724.0       25.47       10.00
  130533    828732.0   2071724.0       51.26       30.00
  130536    828762.0   2071724.0       28.12       10.00
  130537    828772.0   2071724.0       24.04       10.00
  130538    828782.0   2071724.0       23.78       10.00
  130539    828792.0   2071724.0       27.44       10.00
  130542    828822.0   2071724.0       50.16       30.00
  130804    827442.0   2071734.0       62.95       30.00
  130818    827582.0   2071734.0       50.67       30.00
  130872    828122.0   2071734.0       51.24       30.00
  130875    828152.0   2071734.0       57.54       30.00
  130885    828252.0   2071734.0       62.74       30.00
  130899    828392.0   2071734.0       50.86       30.00
  130907    828472.0   2071734.0       53.35       30.00
  130910    828502.0   2071734.0       55.33       30.00
  130921    828612.0   2071734.0       60.01       30.00
  130930    828702.0   2071734.0       52.19       30.00
  131044    829842.0   2071734.0     1064.90      270.00
  131207    827472.0   2071744.0       54.13       30.00
  131227    827672.0   2071744.0       67.62       30.00
  131230    827702.0   2071744.0       55.04       30.00
  131236    827762.0   2071744.0       50.64       30.00
  131242    827822.0   2071744.0       52.53       30.00
  131248    827882.0   2071744.0       52.95       30.00
  131251    827912.0   2071744.0       70.34       30.00
  131254    827942.0   2071744.0       50.25       30.00
  131260    828002.0   2071744.0       55.50       30.00
  131288    828282.0   2071744.0       54.28       30.00
  131318    828582.0   2071744.0       56.29       30.00
  131601    827412.0   2071754.0       58.27       30.00
  131612    827522.0   2071754.0       56.21       30.00
  131615    827552.0   2071754.0       71.53       30.00
  131621    827612.0   2071754.0       53.99       30.00
  131624    827642.0   2071754.0       57.68       30.00
  131633    827732.0   2071754.0       53.52       30.00
  131639    827792.0   2071754.0       77.45       30.00
  131645    827852.0   2071754.0       53.38       30.00
  131657    827972.0   2071754.0       53.58       30.00
  131663    828032.0   2071754.0       73.91       30.00
  131666    828062.0   2071754.0       57.40       30.00
  131669    828092.0   2071754.0       54.11       30.00
  131679    828192.0   2071754.0       53.82       30.00
  131682    828222.0   2071754.0       58.17       30.00
  131693    828332.0   2071754.0       56.13       30.00
  131696    828362.0   2071754.0       71.37       30.00
  131704    828442.0   2071754.0       54.63       30.00
  131715    828552.0   2071754.0       53.70       30.00
  131724    828642.0   2071754.0       56.96       30.00
  131727    828672.0   2071754.0       54.33       30.00
  131733    828732.0   2071754.0       70.22       30.00
  131736    828762.0   2071754.0       55.62       30.00
  131739    828792.0   2071754.0       55.28       30.00
  131742    828822.0   2071754.0       69.41       30.00
  131815    829552.0   2071754.0      776.21      270.00
  132004    827442.0   2071764.0       82.86       30.00
  132018    827582.0   2071764.0       73.96       30.00
  132073    828132.0   2071764.0       80.03       30.00
  132076    828162.0   2071764.0       73.32       30.00
  132085    828252.0   2071764.0       82.70       30.00
  132101    828412.0   2071764.0       65.99       30.00
  132109    828492.0   2071764.0       83.34       30.00
  132112    828522.0   2071764.0       67.81       30.00
  132121    828612.0   2071764.0       80.65       30.00
  132130    828702.0   2071764.0       75.01       30.00
  132409    827492.0   2071774.0       74.41       30.00
  132427    827672.0   2071774.0       89.86       30.00
  132430    827702.0   2071774.0       80.82       30.00
  132436    827762.0   2071774.0       77.89       30.00
  132442    827822.0   2071774.0       79.13       30.00
  132448    827882.0   2071774.0       79.41       30.00
  132451    827912.0   2071774.0       91.93       30.00
  132454    827942.0   2071774.0       77.64       30.00
  132460    828002.0   2071774.0       81.13       30.00
  132490    828302.0   2071774.0       74.45       30.00
  132518    828582.0   2071774.0       81.68       30.00
  132553    828932.0   2071774.0      170.93       90.00
  132801    827412.0   2071784.0       86.59       30.00
  132812    827522.0   2071784.0       85.22       30.00
  132815    827552.0   2071784.0       96.02       30.00
  132821    827612.0   2071784.0       83.77       30.00
  132833    827732.0   2071784.0       83.46       30.00
  132839    827792.0   2071784.0      100.51       30.00
  132845    827852.0   2071784.0       83.38       30.00
  132857    827972.0   2071784.0       83.50       30.00
  132867    828072.0   2071784.0       84.11       30.00
  132870    828102.0   2071784.0       85.48       30.00
  132879    828192.0   2071784.0       83.66       30.00
  132882    828222.0   2071784.0       86.52       30.00
  132895    828352.0   2071784.0       91.37       30.00
  132898    828382.0   2071784.0       96.39       30.00
  132906    828462.0   2071784.0       89.17       30.00
  132915    828552.0   2071784.0       83.58       30.00
  132924    828642.0   2071784.0       85.71       30.00
  132927    828672.0   2071784.0       83.99       30.00
  132935    828752.0   2071784.0       87.22       30.00
  132938    828782.0   2071784.0       83.49       30.00
  132941    828812.0   2071784.0       90.18       30.00
  132944    828842.0   2071784.0      105.34       30.00
  133206    827462.0   2071794.0      102.54       30.00
  133218    827582.0   2071794.0      100.86       30.00
  133273    828132.0   2071794.0      105.39       30.00
  133276    828162.0   2071794.0      100.39       30.00
  133287    828272.0   2071794.0      102.64       30.00
  133303    828432.0   2071794.0       93.39       30.00
  133309    828492.0   2071794.0      107.93       30.00
  133312    828522.0   2071794.0       96.44       30.00
  133321    828612.0   2071794.0      105.86       30.00
  133332    828722.0   2071794.0      108.69       30.00
  133609    827492.0   2071804.0      104.11       30.00
  133692    828322.0   2071804.0      103.64       30.00
  133718    828582.0   2071804.0      109.42       30.00
  133763    829032.0   2071804.0      274.58       90.00
  134070    828102.0   2071814.0      114.94       30.00
  134106    828462.0   2071814.0      117.70       30.00
  134138    828782.0   2071814.0      113.46       30.00
  134335    830752.0   2071814.0     1977.63      810.00
  136028    827682.0   2071864.0      172.03       90.00
  136050    827902.0   2071864.0      170.96       90.00
  136062    828022.0   2071864.0      172.27       90.00
  136156    828962.0   2071864.0      246.34       90.00
  136401    827412.0   2071874.0      174.94       90.00
  136441    827812.0   2071874.0      177.85       90.00
  136498    828382.0   2071874.0      180.00       90.00
  136545    828852.0   2071874.0      188.65       90.00
  136819    827592.0   2071884.0      185.52       90.00
  136878    828182.0   2071884.0      184.15       90.00
  136887    828272.0   2071884.0      188.26       90.00
  136913    828532.0   2071884.0      183.92       90.00
  136923    828632.0   2071884.0      185.79       90.00
  136932    828722.0   2071884.0      191.63       90.00
  137210    827502.0   2071894.0      193.39       90.00
  138192    829322.0   2071914.0      584.70      270.00
  138469    828092.0   2071924.0      223.55       90.00
  138834    827742.0   2071934.0      233.46       90.00
  138856    827962.0   2071934.0      233.44       90.00
  138905    828452.0   2071934.0      234.37       90.00
  139339    828792.0   2071944.0      243.80       90.00
  139351    828912.0   2071944.0      278.01       90.00
  139625    827652.0   2071954.0      255.37       90.00
  139693    828332.0   2071954.0      253.97       90.00
  139760    829002.0   2071954.0      338.44       90.00
  140001    827412.0   2071964.0      264.41       90.00
  140043    827832.0   2071964.0      264.11       90.00
  140118    828582.0   2071964.0      265.81       90.00
  140482    828222.0   2071974.0      274.35       90.00
  140527    828672.0   2071974.0      273.56       90.00
  140812    827522.0   2071984.0      283.92       90.00
  141263    828032.0   2071994.0      297.80       90.00
  142051    827912.0   2072014.0      318.23       90.00
  142073    828132.0   2072014.0      317.16       90.00
  142100    828402.0   2072014.0      314.66       90.00
  142934    828742.0   2072034.0      335.27       90.00
  143288    828282.0   2072044.0      344.92       90.00
  144458    827982.0   2072074.0      373.66       90.00
  147008    829482.0   2072134.0      827.02      270.00
  148178    829182.0   2072164.0      615.01      270.00
  150801    827412.0   2072234.0      533.89      270.00
  151236    827762.0   2072244.0      544.00      270.00
  151316    828562.0   2072244.0      543.61      270.00
  151351    828912.0   2072244.0      559.74      270.00
  153275    828152.0   2072294.0      595.22      270.00
  156595    829352.0   2072374.0      885.07      270.00
  159617    827572.0   2072454.0      754.91      270.00
  159653    827932.0   2072454.0      754.21      270.00
  159697    828372.0   2072454.0      755.56      270.00
  159733    828732.0   2072454.0      754.76      270.00
  159768    829082.0   2072454.0      812.54      270.00
  159885    830252.0   2072454.0     1655.70      810.00
  159985    831252.0   2072454.0     2586.52      810.00
